0.031175957101883027
0.062351914203766054
0.09352787130564907
0.12470382840753211
0.15587978550941514
0.18705574261129818
0.2182316997131812
0.24940765681506424
0.28058361391694725
0.3117595710188303
0.3429355281207133
0.37411148522259635
0.4052874423244794
0.4364633994263624
0.46763935652824545
0.4988153136301285
0.5299912707320115
0.5611672278338945
0.5923431849357775
0.6235191420376606
0.6546950991395436
0.6858710562414266
0.7170470133433097
0.7482229704451927
0.7793989275470757
0.8105748846489588
0.8417508417508418
0.8729267988527248
0.9041027559546079
0.9352787130564909
0.9664546701583739
0.997630627260257
1.02880658436214
[0, 797, 1564, 2271, 2891, 3400, 3780, 4015, 4096, 4021, 3791, 3417, 2912, 2296, 1592, 827, 30, -767, -1536, -2245, -2869, -3383, -3768, -4009, -4096, -4026, -3803, -3434, -2934, -2321, -1620, -857, -61, 737]
